paso		x		y				tiempo
0.1		1.4142135623731, 1.36521356237309		0.1
0.1		2.82842712474619, 2.63242712474619		0.2
0.1		4.24264068711929, 3.80164068711929		0.3
0.1		5.65685424949238, 4.87285424949238		0.4
0.1		7.07106781186548, 5.84606781186547		0.5
0.1		8.48528137423857, 6.72128137423857		0.6
0.1		9.89949493661167, 7.49849493661166		0.7
0.1		11.3137084989848, 8.17770849898476		0.8
0.1		12.7279220613579, 8.75892206135785		0.9
0.1		14.1421356237309, 9.24213562373095		1
0.1		15.556349186104, 9.62734918610404		1.1
0.1		16.9705627484771, 9.91456274847714		1.2
0.1		18.3847763108502, 10.1037763108502		1.3
0.1		19.7989898732233, 10.1949898732233		1.4
0.1		21.2132034355964, 10.1882034355964		1.5
0.1		22.6274169979695, 10.0834169979695		1.6
0.1		24.0416305603426, 9.88063056034261		1.7
0.1		25.4558441227157, 9.57984412271571		1.8
0.1		26.8700576850888, 9.1810576850888		1.9
0.1		28.2842712474619, 8.6842712474619		2
0.1		29.698484809835, 8.08948480983499		2.1
0.1		31.1126983722081, 7.39669837220808		2.2
0.1		32.5269119345812, 6.60591193458118		2.3
0.1		33.9411254969543, 5.71712549695427		2.4
0.1		35.3553390593274, 4.73033905932736		2.5
0.1		36.7695526217005, 3.64555262170045		2.6
0.1		38.1837661840736, 2.46276618407355		2.7
0.1		39.5979797464467, 1.18197974644664		2.8
