paso		x		y				tiempo
0.1		3.18198051533946, 6.23298051533946		0.1
0.1		6.36396103067893, 9.26796103067893		0.2
0.1		9.54594154601839, 12.2049415460184		0.3
0.1		12.7279220613579, 15.0439220613579		0.4
0.1		15.9099025766973, 17.7849025766973		0.5
0.1		19.0918830920368, 20.4278830920368		0.6
0.1		22.2738636073762, 22.9728636073762		0.7
0.1		25.4558441227157, 25.4198441227157		0.8
0.1		28.6378246380552, 27.7688246380552		0.9
0.1		31.8198051533946, 30.0198051533946		1
0.1		35.0017856687341, 32.1727856687341		1.1
0.1		38.1837661840736, 34.2277661840736		1.2
0.1		41.365746699413, 36.184746699413		1.3
0.1		44.5477272147525, 38.0437272147525		1.4
0.1		47.729707730092, 39.804707730092		1.5
0.1		50.9116882454314, 41.4676882454314		1.6
0.1		54.0936687607709, 43.0326687607709		1.7
0.1		57.2756492761104, 44.4996492761103		1.8
0.1		60.4576297914498, 45.8686297914498		1.9
0.1		63.6396103067893, 47.1396103067893		2
0.1		66.8215908221288, 48.3125908221287		2.1
0.1		70.0035713374682, 49.3875713374682		2.2
0.1		73.1855518528077, 50.3645518528077		2.3
0.1		76.3675323681472, 51.2435323681471		2.4
0.1		79.5495128834866, 52.0245128834866		2.5
0.1		82.7314933988261, 52.7074933988261		2.6
0.1		85.9134739141656, 53.2924739141655		2.7
0.1		89.095454429505, 53.779454429505		2.8
0.1		92.2774349448445, 54.1684349448444		2.9
0.1		95.459415460184, 54.4594154601839		3
0.1		98.6413959755234, 54.6523959755234		3.1
0.1		101.823376490863, 54.7473764908628		3.2
0.1		105.005357006202, 54.7443570062023		3.3
0.1		108.187337521542, 54.6433375215418		3.4
0.1		111.369318036881, 54.4443180368812		3.5
0.1		114.551298552221, 54.1472985522207		3.6
0.1		117.73327906756, 53.7522790675601		3.7
0.1		120.9152595829, 53.2592595828996		3.8
0.1		124.097240098239, 52.6682400982391		3.9
0.1		127.279220613579, 51.9792206135785		4
0.1		130.461201128918, 51.192201128918		4.1
0.1		133.643181644258, 50.3071816442575		4.2
0.1		136.825162159597, 49.3241621595969		4.3
0.1		140.007142674936, 48.2431426749364		4.4
0.1		143.189123190276, 47.0641231902759		4.5
0.1		146.371103705615, 45.7871037056153		4.6
0.1		149.553084220955, 44.4120842209548		4.7
0.1		152.735064736294, 42.9390647362943		4.8
0.1		155.917045251634, 41.3680452516337		4.9
0.1		159.099025766973, 39.6990257669732		5
0.1		162.281006282313, 37.9320062823127		5.1
0.1		165.462986797652, 36.0669867976521		5.2
0.1		168.644967312991, 34.1039673129916		5.3
0.1		171.826947828331, 32.0429478283311		5.4
0.1		175.00892834367, 29.8839283436706		5.5
0.1		178.19090885901, 27.62690885901		5.6
0.1		181.372889374349, 25.2718893743495		5.7
0.1		184.554869889689, 22.818869889689		5.8
0.1		187.736850405028, 20.2678504050285		5.9
0.1		190.918830920368, 17.6188309203679		5.99999999999999
0.1		194.100811435707, 14.8718114357074		6.09999999999999
0.1		197.282791951047, 12.0267919510469		6.19999999999999
0.1		200.464772466386, 9.08377246638636		6.29999999999999
0.1		203.646752981725, 6.04275298172587		6.39999999999999
